101
125
97
102
114
144
102
98
85
81
105
50
81
126
118
28
54
94
85
44
107
55
98
74
98
104
65
66
102
77
61
91
71
71
78
90
141
19
91
99
125
78
139
119
108
103
132
117
97
82
123
180
60
106
37
97
161
77
88
87
112
96
55
84
127
48
105
59
67
76
81
47
94
67
75
103
63
63
83
74
84
66
83
88
27
66
115
98
63
88
65
70
69
111
130
96
149
126
130
186
90
225
85
145
95
162
130
78
113
106
107
110
90
149
62
76
112
74
150
127
138
73
77
129
92
109
101
98
70
112
115
99
112
92
121
95
114
41
61
84
78
149
104
68
65
84
61
85
124
141
111
67
145
180
132
NA
130
114
101
73
98
80
110
88
106
69
96
99
138
108
139
66
113
106
99
106
109
81
67
76
64
116
108
69
59
75
100
81
102
73
81
75
107
50
62
75
69
63
145
92
74
90
104
136
100
90
64
88
122
74
230
68
58
106
112
104
90
140
68
136
122
122
100
86
130
80
104
64
116
93
96
102
68
52
74
68
66
60
82
64
78
70
58
70
62
100
94
60
64
72
54
73
150
84
62
92
70
48
75
69
45
58
62
53
123
106
59
70
48
83
58
98
95
119
73
99
44
103
69
72
78
78
87
65
104
101
89
110
64
113
199
97
145
182
123
45
105
144
189
135
150
61
131
103
126
161
71
228
116
103
110
138
93
59
70
82
61
46
64
83
49
50
95
82
117
85
70
71
73
77
87
63
45
88
47
63
96
135
45
83
48
98
85
86
131
182
115
106
NA
97
75
144
172
153
165
114
157
69
96
137
85
43
114
77
169
128
187
122
112
83
70
60
57
69
101
46
95
96
96
97
117
93
100
65
113
89
63
115
81
78
65
73
80
44
72
48
97
96
102
103
144
66
86
120
139
73
140
172
107
92
129
56
93
99
117
63
106
153
100
111
NA
NA
125
173
168
142
112
165
126
132
183
170
80
92
116
80
108
80
130
118
86
97
78
66
104
106
108
132
88
98
112
110
164
52
106
66
76
140
112
100
103
144
94
151
117
114
NA
75
162
137
95
139
126
170
NA
110
118
107
124
99
NA
129
134
174
114
165
135
74
88
NA
103
71
82
132
60
91
48
78
108
57
69
94
59
104
84
96
82
48
67
66
86
77
123
186
NA
NA
161
113
NA
87
120
183
134
107
158
107
184
84
93
127
82
137
152
123
157
128
163
122
89
85
79
115
68
134
117
58
90
80
171
107
83
84
133
85
78
112
74
98
53
150
NA
79
86
77
107
106
119
189
142
207
NA
205
127
63
153
131
81
165
145
94
160
97
85
98
122
134
148
92
NA
128
57
108
111
135
116
86
58
NA
101
130
102
76
121
107
76
109
117
65
107
111
114
110
106
73
86
112
85
100
121
129
117
76
189
108
124
113
NA
133
140
122
175
115
110
163
104
176
NA
89
90
123
123
99
103
99
114
74
116
137
127
129
141
56
115
87
87
93
72
112
64
115
67
93
90
116
138
75
107
83
76
203
79
90
104
98
98
109
54
102
86
120
78
88
82
112
86
82
111
80
124
100
64
68
70
74
96
120
76
127
68
138
136
102
102
154
174
118
124
106
96
112
190
108
150
162
186
102
146
130
152
136
140
248
190
130
102
140
92
87
77
74
101
67
93
85
109
126
98
118
74
98
95
86
90
75
89
103
150
99
121
69
111
61
163
62
150
111
180
145
119
150
130
77
112
102
101
NA
103
111
96
138
112
87
174
134
114
149
84
171
111
88
120
106
88
NA
106
104
NA
105
92
91
123
124
86
108
157
123
124
108
103
93
101
98
105
97
NA
NA
82
139
75
150
119
94
143
134
132
103
101
140
94
134
167
136
105
87
114
88
102
75
81
132
95
128
205
82
163
