101
125
97
102
114
144
102
98
85
81
105
107
91
91
99
125
78
139
119
108
103
132
117
97
82
123
180
60
106
37
97
161
77
88
87
112
96
55
84
127
48
103
115
111
130
96
149
126
130
186
90
225
85
145
95
162
130
78
113
106
107
110
90
149
62
76
112
74
150
127
138
115
149
124
141
111
67
145
180
132
NA
130
114
101
73
98
80
110
88
106
69
96
99
138
108
139
66
113
106
99
106
136
100
90
64
122
74
230
68
58
106
112
104
90
140
136
122
122
100
86
130
80
104
64
116
96
89
110
64
113
199
97
145
182
123
105
144
189
135
150
61
131
103
126
161
228
116
103
110
138
93
98
85
86
131
182
115
106
NA
97
144
172
153
165
114
157
69
96
137
85
114
77
169
128
187
122
103
144
66
86
120
139
73
140
172
107
92
129
56
93
99
117
63
106
153
100
111
133
87
125
173
168
142
112
165
126
132
183
NA
170
97
164
100
103
144
94
151
117
114
NA
75
162
137
95
139
126
170
203
110
118
107
124
99
132
129
134
174
114
165
135
48
142
186
NA
NA
161
113
NA
87
120
183
134
107
158
107
184
84
93
127
95
82
137
152
NA
123
157
128
163
122
89
171
150
152
106
119
189
142
207
NA
205
127
63
153
131
81
165
145
94
160
97
85
98
122
134
148
92
NA
128
100
121
129
117
189
108
124
113
122
133
140
122
175
115
163
104
176
86
89
90
123
123
99
103
114
138
136
102
102
154
174
118
124
106
112
190
108
150
162
186
102
146
130
152
140
248
190
130
102
140
130
150
111
180
145
119
150
130
77
102
101
120
NA
NA
103
111
96
138
112
174
134
114
149
84
171
94
143
134
132
103
101
140
94
134
167
136
105
87
114
88
102
75
81
132
95
128
205
82
163
