42.99999999906868
64.99999999979627
83.99999999995634
83.99999999995634
65.99999999995634
49.999999999956344
77.99999999995634
88.99999999995634
69.99999999995634
55.999999999956344
76.99999999995634
71.99999999995634
100.99999999995634
91.99999999995634
62.999999999956344
67.99999999995634
86.99999999995634
90.99999999995634
71.99999999995634
76.99999999995634
79.99999999995634
80.99999999995634
83.99999999995634
88.99999999995634
73.99999999995634
108.99999999995634
63.999999999956344
80.99999999995634
77.99999999995634
111.99999999995634
63.999999999956344
122.99999999995634
84.99999999995634
108.99999999995634
67.99999999995634
65.99999999995634
93.99999999995634
90.99999999995634
81.99999999995634
94.99999999995634
75.99999999995634
82.99999999995634
46.999999999956344
93.99999999995634
59.999999999956344
76.99999999995634
85.99999999995634
72.99999999995634
62.999999999956344
70.99999999995634
97.99999999995634
70.99999999995634
96.99999999995634
79.99999999995634
114.99999999995634
92.99999999995634
83.99999999995634
63.999999999956344
117.99999999995634
98.99999999995634
97.99999999995634
94.99999999995634
109.99999999995634
97.99999999995634
118.99999999995634
81.99999999995634
71.99999999995634
86.99999999995634
98.99999999995634
74.99999999995634
71.99999999995634
64.99999999995634
108.99999999995634
72.99999999995634
74.99999999995634
89.99999999995634
120.99999999995634
83.99999999995634
45.999999999956344
80.99999999995634
95.99999999995634
105.99999999995634
77.99999999995634
71.99999999995634
-999999
99.99999999995634
84.99999999995634
100.99999999995634
75.99999999995634
80.99999999995634
73.99999999995634
101.99999999995634
53.999999999956344
80.99999999995634
75.99999999995634
-999999
114.99999999995634
81.99999999995634
77.99999999995634
68.99999999995634
94.99999999995634
89.99999999995634
-999999
-999999
-999999
89.99999999995634
77.99999999995634
53.999999999956344
53.999999999956344
67.99999999995634
101.99999999995634
75.99999999995634
88.99999999995634
68.99999999995634
-999999
75.99999999995634
55.999999999956344
73.99999999995634
71.99999999995634
113.99999999995634
87.99999999995634
90.99999999995634
60.999999999956344
67.99999999995634
68.99999999995634
-999999
122.99999999995634
61.999999999956344
66.99999999995634
75.99999999995634
80.99999999995634
52.999999999956344
73.99999999995634
69.99999999995634
64.99999999995634
61.999999999956344
-999999
62.999999999956344
120.99999999995634
102.99999999995634
64.99999999995634
68.99999999995634
44.999999999956344
93.99999999995634
55.999999999956344
103.99999999995634
101.99999999995634
-999999
74.99999999995634
81.99999999995634
31.999999999956344
85.99999999995634
64.99999999995634
84.99999999995634
70.99999999995634
98.99999999995634
73.99999999995634
85.99999999995634
-999999
107.99999999995634
-999999
-999999
74.99999999995634
72.99999999995634
65.99999999995634
80.99999999995634
-999999
67.99999999995634
90.99999999995634
55.999999999956344
57.999999999956344
82.99999999995634
73.99999999995634
88.99999999995634
87.99999999995634
91.99999999995634
77.99999999995634
-999999
74.99999999995634
75.99999999995634
57.999999999956344
60.999999999956344
69.99999999995634
54.999999999956344
68.99999999995634
79.99999999995634
108.99999999995634
51.999999999956344
-999999
46.999999999956344
-999999
-999999
-999999
-999999
-999999
-999999
-999999
-999999
-999999
-999999
84.99999999995634
100.99999999995634
86.99999999995634
81.99999999995634
83.99999999995634
100.99999999995634
68.99999999995634
57.999999999956344
94.99999999995634
89.99999999995634
52.999999999956344
84.99999999995634
78.99999999995634
63.999999999956344
83.99999999995634
70.99999999995634
64.99999999995634
70.99999999995634
68.99999999995634
64.99999999995634
109.99999999995634
90.99999999995634
85.99999999995634
55.999999999956344
80.99999999995634
577.4772222221945
574.4772222221945
588.4772222221945
549.4772222221945
555.4772222221945
578.4772222221945
577.4772222221945
591.4772222221945
567.4772222221945
567.4772222221945
562.4772222221945
599.4772222221945
579.4772222221945
592.4772222221945
593.4772222221945
561.4772222221945
579.4772222221945
572.4772222221945
628.4772222221945
561.4772222221945
569.4772222221945
549.4772222221945
530.4772222221945
583.4772222221945
573.4772222221945
569.4772222221945
566.4772222221945
554.4772222221945
587.4772222221945
551.4772222221945
557.4772222221945
600.4772222221945
538.4772222221945
560.4772222221945
570.4772222221945
585.4772222221945
564.4772222221945
553.4772222221945
596.4772222221945
546.4772222221945
584.4772222221945
557.4772222221945
572.4772222221945
582.4772222221945
575.4772222221945
570.4772222221945
570.4772222221945
570.4772222221945
593.4772222221945
588.4772222221945
558.4772222221945
573.4772222221945
567.4772222221945
567.4772222221945
597.4772222221945
581.4772222221945
567.4772222221945
565.4772222221945
555.4772222221945
592.4772222221945
576.4772222221945
584.4772222221945
611.4772222221945
567.4772222221945
563.4772222221945
591.4772222221945
598.4772222221945
589.4772222221945
564.4772222221945
568.4772222221945
551.4772222221945
576.4772222221945
597.4772222221945
561.4772222221945
598.4772222221945
567.4772222221945
561.4772222221945
610.4772222221945
599.4772222221945
555.4772222221945
554.4772222221945
569.4772222221945
567.4772222221945
-999517.5227777779
566.4772222221945
582.4772222221945
557.4772222221945
589.4772222221945
552.4772222221945
580.4772222221945
585.4772222221945
567.4772222221945
581.4772222221945
632.4772222221945
-999517.5227777779
570.4772222221945
583.4772222221945
558.4772222221945
575.4772222221945
586.4772222221945
563.4772222221945
-999517.5227777779
-999517.5227777779
-999517.5227777779
592.4772222221945
609.4772222221945
600.4772222221945
609.4772222221945
617.4772222221945
581.4772222221945
588.4772222221945
584.4772222221945
550.4772222221945
-999517.5227777779
584.4772222221945
565.4772222221945
561.4772222221945
618.4772222221945
671.4772222221945
578.4772222221945
572.4772222221945
566.4772222221945
590.4772222221945
673.4772222221945
-999517.5227777779
601.4772222221945
577.4772222221945
568.4772222221945
601.4772222221945
644.4772222221945
555.4772222221945
562.4772222221945
582.4772222221945
561.4772222221945
600.4772222221945
-999517.5227777779
524.4772222221945
573.4772222221945
564.4772222221945
590.4772222221945
563.4772222221945
554.4772222221945
559.4772222221945
574.4772222221945
572.4772222221945
562.4772222221945
-999517.5227777779
566.4772222221945
593.4772222221945
582.4772222221945
542.4772222221945
541.4772222221945
556.4772222221945
537.4772222221945
571.4772222221945
595.4772222221945
590.4772222221945
-999517.5227777779
590.4772222221945
-999517.5227777779
-999517.5227777779
587.4772222221945
565.4772222221945
561.4772222221945
579.4772222221945
-999517.5227777779
580.4772222221945
563.4772222221945
570.4772222221945
579.4772222221945
614.4772222221945
586.4772222221945
587.4772222221945
587.4772222221945
562.4772222221945
571.4772222221945
-999517.5227777779
567.4772222221945
574.4772222221945
574.4772222221945
600.4772222221945
655.4772222221945
586.4772222221945
611.4772222221945
547.4772222221945
582.4772222221945
542.4772222221945
-999517.5227777779
549.4772222221945
-999517.5227777779
-999517.5227777779
-999517.5227777779
-999517.5227777779
-999517.5227777779
-999517.5227777779
-999517.5227777779
-999517.5227777779
-999517.5227777779
-999517.5227777779
593.4772222221945
564.4772222221945
564.4772222221945
575.4772222221945
574.4772222221945
579.4772222221945
621.4772222221945
580.4772222221945
594.4772222221945
588.4772222221945
586.4772222221945
582.4772222221945
574.4772222221945
597.4772222221945
561.4772222221945
577.4772222221945
587.4772222221945
563.4772222221945
601.4772222221945
543.4772222221945
582.4772222221945
580.4772222221945
595.4772222221945
616.4772222221945
561.4772222221945
