50
81
126
118
28
54
94
85
44
55
98
74
98
104
65
66
102
77
61
71
71
78
90
141
19
105
59
67
76
81
47
94
67
75
63
63
83
74
84
66
83
88
27
66
98
63
88
65
70
69
73
77
129
92
109
101
98
70
112
99
112
92
121
95
114
41
61
84
78
104
68
65
84
61
85
109
81
67
76
64
116
108
69
59
75
100
81
102
73
81
75
107
50
62
75
69
63
145
92
74
90
104
88
68
93
102
68
52
74
68
66
60
82
64
78
70
58
70
62
100
94
60
64
72
54
73
150
84
62
92
70
48
75
69
45
58
62
53
123
106
59
70
48
83
58
98
95
119
73
99
44
103
69
72
78
78
87
65
104
101
45
71
59
70
82
61
46
64
83
49
50
95
82
117
85
70
71
73
77
87
63
45
88
47
63
96
135
45
83
48
75
43
112
83
70
60
57
69
101
46
95
96
96
97
117
93
100
65
113
89
63
115
81
78
65
73
80
44
72
48
97
96
NA
NA
102
80
92
116
80
108
80
130
118
86
78
66
104
106
108
132
88
98
112
110
52
106
66
76
140
112
74
88
NA
103
71
82
132
60
91
78
108
57
69
94
59
104
84
96
82
48
67
66
86
77
123
85
79
115
68
134
117
58
90
80
107
83
84
133
85
78
112
74
98
53
NA
79
86
77
107
57
108
111
135
116
86
58
NA
101
130
102
76
121
107
76
109
117
65
107
111
114
110
106
73
86
112
85
76
110
99
74
116
137
127
129
141
56
115
87
87
93
72
112
64
115
67
93
90
116
138
75
107
83
76
203
NA
79
90
104
98
98
109
54
102
86
120
78
88
82
112
86
82
111
80
124
100
64
68
70
74
96
120
76
127
68
96
136
92
87
77
74
101
67
93
85
109
126
98
118
74
98
95
86
90
75
89
103
150
99
121
69
111
61
163
62
112
87
111
88
120
106
88
NA
106
104
NA
105
92
91
123
124
86
108
157
123
124
108
103
93
101
98
105
97
NA
NA
82
139
75
150
119
