100.99999999999804
124.99999999999963
96.99999999999989
101.99999999999989
113.99999999999989
143.9999999999999
101.99999999999989
97.99999999999989
84.99999999999989
80.99999999999989
104.99999999999989
106.99999999999989
90.99999999999989
90.99999999999989
98.99999999999989
124.99999999999989
77.99999999999989
138.9999999999999
118.99999999999989
107.99999999999989
102.99999999999989
131.9999999999999
116.99999999999989
96.99999999999989
81.99999999999989
122.99999999999989
179.9999999999999
59.99999999999989
105.99999999999989
36.999999999999886
96.99999999999989
144.89245395127736
76.99999999999989
87.99999999999989
86.99999999999989
111.99999999999989
95.99999999999989
54.99999999999989
83.99999999999989
126.99999999999989
47.999999999999886
102.99999999999989
114.99999999999989
110.99999999999989
129.9999999999999
95.99999999999989
148.9999999999999
125.99999999999989
129.9999999999999
185.9999999999999
89.99999999999989
224.9999999999999
84.99999999999989
144.9999999999999
94.99999999999989
161.9999999999999
129.9999999999999
77.99999999999989
112.99999999999989
105.99999999999989
106.99999999999989
109.99999999999989
89.99999999999989
148.9999999999999
61.99999999999989
75.99999999999989
111.99999999999989
73.99999999999989
149.9999999999999
126.99999999999989
137.9999999999999
114.99999999999989
148.9999999999999
123.99999999999989
140.9999999999999
110.99999999999989
66.99999999999989
144.9999999999999
179.9999999999999
131.9999999999999
129.9999999999999
113.99999999999989
100.99999999999989
72.99999999999989
97.99999999999989
79.99999999999989
109.99999999999989
87.99999999999989
105.99999999999989
68.99999999999989
95.99999999999989
98.99999999999989
137.9999999999999
107.99999999999989
138.9999999999999
65.99999999999989
112.99999999999989
105.99999999999989
98.99999999999989
105.99999999999989
135.9999999999999
99.99999999999989
89.99999999999989
63.99999999999989
121.99999999999989
73.99999999999989
229.9999999999999
67.99999999999989
57.99999999999989
105.99999999999989
111.99999999999989
103.99999999999989
89.99999999999989
139.9999999999999
135.9999999999999
121.99999999999989
121.99999999999989
99.99999999999989
85.99999999999989
129.9999999999999
79.99999999999989
103.99999999999989
63.99999999999989
115.99999999999989
95.99999999999989
88.99999999999989
109.99999999999989
63.99999999999989
112.99999999999989
198.9999999999999
96.99999999999989
144.9999999999999
181.9999999999999
122.99999999999989
104.99999999999989
143.9999999999999
188.9999999999999
134.9999999999999
149.9999999999999
60.99999999999989
130.9999999999999
102.99999999999989
125.99999999999989
160.9999999999999
227.9999999999999
115.99999999999989
102.99999999999989
109.99999999999989
137.9999999999999
92.99999999999989
97.99999999999989
84.99999999999989
85.99999999999989
130.9999999999999
181.9999999999999
114.99999999999989
105.99999999999989
96.99999999999989
143.9999999999999
171.9999999999999
152.9999999999999
164.9999999999999
113.99999999999989
156.9999999999999
68.99999999999989
95.99999999999989
136.9999999999999
84.99999999999989
113.99999999999989
76.99999999999989
168.9999999999999
127.99999999999989
186.9999999999999
121.99999999999989
102.99999999999989
143.9999999999999
65.99999999999989
85.99999999999989
119.99999999999989
138.9999999999999
72.99999999999989
139.9999999999999
171.9999999999999
106.99999999999989
91.99999999999989
128.9999999999999
55.99999999999989
92.99999999999989
98.99999999999989
116.99999999999989
62.99999999999989
105.99999999999989
152.9999999999999
99.99999999999989
110.99999999999989
132.9999999999999
86.99999999999989
124.99999999999989
156.89245395127736
151.89245395127736
125.89245395127736
95.89245395127736
148.89245395127736
109.89245395127736
115.89245395127736
166.89245395127736
169.9999999999999
80.89245395127736
147.89245395127736
83.89245395127736
86.89245395127736
127.89245395127736
77.89245395127736
134.89245395127736
100.89245395127736
97.89245395127736
58.89245395127736
145.89245395127736
120.89245395127736
78.89245395127736
122.89245395127736
109.89245395127736
153.89245395127736
186.89245395127736
93.89245395127736
101.89245395127736
90.89245395127736
107.89245395127736
82.89245395127736
115.89245395127736
112.89245395127736
117.89245395127736
157.89245395127736
97.89245395127736
148.89245395127736
118.89245395127736
31.89245395127736
125.89245395127736
169.89245395127736
144.89245395127736
96.89245395127736
70.89245395127736
103.89245395127736
166.89245395127736
117.89245395127736
90.89245395127736
141.89245395127736
90.89245395127736
167.89245395127736
67.89245395127736
76.89245395127736
110.89245395127736
78.89245395127736
65.89245395127736
120.89245395127736
135.89245395127736
106.89245395127736
140.89245395127736
111.89245395127736
146.89245395127736
105.89245395127736
72.89245395127736
154.89245395127736
133.89245395127736
135.89245395127736
89.89245395127736
102.89245395127736
172.89245395127736
125.89245395127736
190.89245395127736
188.89245395127736
110.89245395127736
46.89245395127736
136.89245395127736
114.89245395127736
64.89245395127736
148.89245395127736
128.89245395127736
77.89245395127736
143.89245395127736
80.89245395127736
68.89245395127736
81.89245395127736
105.89245395127736
117.89245395127736
131.89245395127736
75.89245395127736
111.89245395127736
83.89245395127736
104.89245395127736
112.89245395127736
100.89245395127736
172.89245395127736
91.89245395127736
107.89245395127736
96.89245395127736
105.89245395127736
116.89245395127736
123.89245395127736
105.89245395127736
158.89245395127736
98.89245395127736
146.89245395127736
87.89245395127736
159.89245395127736
69.89245395127736
72.89245395127736
73.89245395127736
106.89245395127736
106.89245395127736
82.89245395127736
86.89245395127736
97.89245395127736
121.89245395127736
119.89245395127736
85.89245395127736
85.89245395127736
137.89245395127736
157.89245395127736
101.89245395127736
107.89245395127736
89.89245395127736
95.89245395127736
173.89245395127736
91.89245395127736
133.89245395127736
145.89245395127736
169.89245395127736
85.89245395127736
129.89245395127736
113.89245395127736
135.89245395127736
123.89245395127736
231.89245395127736
173.89245395127736
113.89245395127736
85.89245395127736
123.89245395127736
113.89245395127736
133.89245395127736
94.89245395127736
163.89245395127736
128.89245395127736
102.89245395127736
133.89245395127736
113.89245395127736
60.89245395127736
85.89245395127736
84.89245395127736
103.89245395127736
86.89245395127736
94.89245395127736
79.89245395127736
121.89245395127736
95.89245395127736
157.89245395127736
117.89245395127736
97.89245395127736
132.89245395127736
67.89245395127736
154.89245395127736
77.89245395127736
126.89245395127736
117.89245395127736
115.89245395127736
86.89245395127736
84.89245395127736
123.89245395127736
77.89245395127736
117.89245395127736
150.89245395127736
119.89245395127736
88.89245395127736
70.89245395127736
97.89245395127736
71.89245395127736
85.89245395127736
58.89245395127736
64.89245395127736
115.89245395127736
78.89245395127736
111.89245395127736
188.89245395127736
65.89245395127736
146.89245395127736
