0
0.005538681238
0.0194264997
0.04220225543
0.04300956574
0.04385280641
0.04533535435
0.0455451693
0.04634034443
0.04700010475
0.04741113472
0.04841936308
0.04862455523
0.04974398273
0.05044086252
0.05087036164
0.0511476521
0.05144572336
0.05213638152
0.05220317277
0.05314123055
0.05369151287
0.05422722172
0.05451895159
0.0551513864
0.05528112216
0.0558139975
0.0564953027
0.05702630153
0.0576211772
0.05814310775
0.05835449815
0.05847878509
0.05907561461
0.05924944533
0.05993300909
0.06033807162
0.06056064428
0.06099752885
0.06148400513
0.06185265125
0.06241300054
0.06308477601
0.06357011702
0.0637773309
0.06464636
0.06516397404
0.06570716545
0.0660530037
0.06639587392
0.06648676431
0.06693524301
0.06724625499
0.0677326529
0.06839437688
0.06893292362
0.0694849997
0.06996512633
0.07013352993
0.0710769894
0.07132316531
0.07163476533
0.07240453074
0.0731420748
0.07345848518
0.07365139734
0.0743519753
0.07470953044
0.07535354017
0.07566006217
0.07647971697
0.07658751108
0.07669944806
0.07727302114
0.07787879071
0.07828774787
0.07906048796
0.07983044256
0.08040157668
0.08083633826
0.08159515237
0.08202860877
0.08215054732
0.08259772671
0.08296723482
0.08343750719
0.08382124859
0.08423174978
0.08466206824
0.08514438674
0.08622833574
0.08645149942
0.08690291178
0.08747882254
0.08799045177
0.08887170229
0.08896383217
0.08994735096
0.09041376328
0.09106860173
0.09179096748
0.09211509096
0.09262270332
0.09320876369
0.09337748178
0.09410777091
0.09462533422
0.09547546302
0.09587618494
0.09605302835
0.0971204064
0.09731785254
0.09820790731
0.09849259563
0.09931601581
0.1003487843
0.1008405424
0.101815184
0.1021501863
0.1027545806
0.102944401
0.1040417015
0.1042626961
0.1048144133
0.1054416161
0.1067326843
0.1069740215
0.1081328226
0.1082446973
0.1094203024
0.1099069898
0.1101850794
0.1103849244
0.1110192375
0.1119111099
0.1128569601
0.1138017778
0.1139293349
0.1147611313
0.1152322772
0.1161783816
0.1166982451
0.1174974314
0.1181405617
0.1185195776
0.1189257107
0.1203833579
0.1205025485
0.1221342695
0.1225626686
0.123103306
0.1237203356
0.1250846359
0.1254964433
0.1258200102
0.1265707689
0.1275841092
0.1287567006
0.1291722789
0.1295988879
0.130436906
0.1322561435
0.1327364442
0.1332753299
0.1339267222
0.1345019855
0.1351114004
0.1356249466
0.136232352
0.1381555008
0.1384066451
0.1395816803
0.1402806215
0.1412446595
0.1422871707
0.1424611346
0.143316673
0.1446340977
0.1455971627
0.1463539695
0.147296193
0.1479505532
0.1491658992
0.1496048618
0.1506553215
0.1508905466
0.1522040174
0.1526964837
0.154809036
0.1554256555
0.1568471398
0.157595659
0.1588382133
0.1596271742
0.1605906443
0.1619044035
0.1622552352
0.1628929814
0.1638942348
0.1671192623
0.1675909964
0.1679436604
0.1694628054
0.1702935958
0.1713480503
0.1717898721
0.1721304304
0.1733649936
0.1741595902
0.1749903424
0.1762700853
0.1775177474
0.1787584625
0.1811170814
0.1816123732
0.1834066134
0.1835796009
0.1853944675
0.1874441348
0.188304314
0.1892679505
0.1900226471
0.1914325448
0.1928310325
0.1929936059
0.1951087287
0.1955587972
0.1965290735
0.1972997978
0.1992812201
0.1997770673
0.2005601465
0.2010506981
0.2039736996
0.2044111739
0.2057799167
0.2060183915
0.208820795
0.2102550638
0.2113024782
0.2121122011
0.2125590006
0.2135832953
0.2148916681
0.2174640145
0.2181857329
0.2196353159
0.2221804147
0.2229244711
0.2239233352
0.2252825046
0.2279116006
0.2289572128
0.2302358185
0.2311650965
0.2336880673
0.2339447949
0.2355372955
0.2381393473
0.239734167
0.2438633804
0.2452861124
0.2473068868
0.2473944564
0.2481033829
0.2506563117
0.2518283212
0.2546141
0.2562589298
0.2576427548
0.2602396063
0.263630182
0.2648828455
0.2666488974
0.2685860191
0.2693358534
0.2713674118
0.2731680005
0.2738898421
0.2769486912
0.2800275059
0.2835187244
0.2846942741
0.2865608116
0.2892366497
0.2909840308
0.2942053815
0.2952729433
0.2998025838
0.3008234052
0.3021007791
0.303975045
0.3055161817
0.3071977341
0.3111534459
0.3120153166
0.3146805419
0.3185910643
0.3198342819
0.3205145521
0.3259133603
0.3280527182
0.3290310149
0.3341479825
0.3373521727
0.337880768
0.3403124767
0.3450040747
0.3467956345
0.3489602788
0.3558720802
0.3592764653
0.362375842
0.3641799387
0.3674975976
0.3733950707
0.3770714247
0.3794538271
0.3806401605
0.3855106006
0.3890763721
0.3950270401
0.3991906153
0.4006856036
0.4047363899
0.4083633152
0.4110480004
0.4140264799
0.4207721317
0.4214817283
0.4262914987
0.4313715088
0.4336086925
0.4388990818
0.4425931759
0.4539976585
0.458518206
0.4601641078
0.4639518157
0.4697578203
0.477513192
0.4824298253
0.4900778357
0.4951564263
0.5006754864
0.5050725591
0.5118296981
0.5249308962
0.5316408136
0.5380543689
0.548679563
0.5543005568
0.559911778
0.5657867934
0.5771999839
0.5796075369
0.5886727253
0.5945667609
0.6063948093
0.6161662509
0.6254454691
0.6398483408
0.6437232293
0.6742380461
0.6874294749
0.711396563
0.7299363541
0.7402583502
0.7601151226
0.7775823491
0.8020237296
0.8175344834
0.8601721862
0.9243662234
