3.829213e-01
6.388222e-01
-2.190059e+00
-3.592352e+00
3.057790e+00
5.921081e+00
1.447847e+00
-7.725272e+00
-4.296885e+00
-7.424933e+00
-4.918990e+00
-1.143540e+01
1.390935e+00
-2.233401e+00
-1.518342e+00
-9.494519e+00
-1.346834e+01
-7.212886e+00
-7.239988e+00
-8.008974e+00
-3.143252e+00
-1.077997e+01
-5.203075e+00
-7.879985e+00
5.228698e-03
-4.219837e-01
-5.380357e+00
-5.321237e+00
-6.302340e+00
-4.002995e+00
-1.297957e+01
-3.128434e+00
-8.708113e+00
-7.531055e+00
-2.739885e+00
1.176506e+00
2.839314e+00
-1.099190e+01
-5.835184e+00
-3.913740e+00
2.731896e+00
-3.672470e+00
1.593745e+00
2.902274e+00
7.541034e-01
1.606622e-02
7.084567e+00
8.238617e-01
9.600445e-01
2.500949e+00
3.406117e+00
1.283197e+01
5.647606e+00
5.121718e+00
-4.864836e+00
4.685092e+00
7.341094e+00
2.001167e+00
1.014782e-01
-2.323984e+00
1.783808e+00
-3.449568e-01
-5.093645e+00
1.950316e+00
-5.121017e+00
-4.752920e+00
-3.669639e+00
-1.229176e+01
-5.485009e+00
-1.002456e+00
-8.276815e+00
-8.956502e+00
-5.034181e+00
-1.312737e+01
-4.627292e+00
1.255899e+00
-4.685335e+00
-7.131496e+00
-5.375648e+00
-6.955632e+00
-3.160818e+00
-3.460677e+00
-3.168433e+00
-6.104973e+00
-1.825969e+01
-2.422710e+00
6.745020e+00
-4.750701e+00
-1.141373e+01
-4.024241e+00
-9.992442e+00
-1.256637e+01
-1.261193e+01
-2.254195e-01
3.720788e+00
-8.002766e-01
1.120446e+01
5.993529e+00
8.811007e+00
-3.963429e+00
2.261935e+00
1.288347e+01
4.819650e+00
3.757917e+00
-1.851574e-01
8.654479e-01
1.083834e+01
-2.930262e+00
-3.689481e+00
9.098462e+00
-9.240873e+00
-5.351317e-01
1.277039e+00
3.239407e+00
-6.278985e+00
-1.617897e+00
-5.440686e+00
4.771538e+00
-6.884447e-01
3.017167e+00
4.811206e+00
-1.353192e+01
-3.001162e+00
6.520455e+00
-8.856242e-01
1.314438e-01
-1.995509e-02
-1.102906e+01
-4.082289e+00
-3.384042e+00
3.263835e+00
-2.840801e+00
-2.090329e+00
-8.360624e+00
6.862786e+00
-3.668863e+00
-8.617639e-01
-1.293912e+00
-1.114970e+01
1.049226e+00
-2.994254e+00
5.383302e+00
-2.287336e+00
-1.171740e+01
-3.658637e+00
-3.295647e+00
-8.164554e+00
-3.459455e+00
4.872809e+00
-3.609642e-01
-4.446769e-01
2.899454e+00
5.079520e+00
2.441603e+00
5.605487e+00
NA
2.815273e+00
-1.033387e+00
-3.302223e+00
-5.619552e+00
4.405791e+00
-8.251107e+00
4.010081e+00
-6.371560e+00
3.853915e+00
-7.931216e+00
4.011643e-02
-5.103809e+00
-5.976418e-01
-1.283967e+00
1.175128e+00
-9.685551e+00
2.864927e+00
-2.955704e+00
1.828694e+00
-1.823325e-01
-6.929106e+00
3.949856e-01
-8.873316e+00
-7.978803e+00
-6.052184e+00
-2.740770e+00
-2.344960e-01
-8.618666e+00
-8.252310e+00
-2.472020e+00
-1.508683e+00
-1.844032e+00
-1.651678e+00
-3.268555e+00
-4.392123e+00
-4.926022e+00
-4.217276e+00
-9.206943e+00
-8.385014e+00
2.318282e+00
-5.626515e+00
4.326441e-01
2.089011e+00
-4.722468e+00
-5.219408e+00
-1.009020e+00
-4.145251e+00
1.292488e+01
-5.601559e-01
-2.891719e+00
-5.121249e+00
-6.003813e+00
1.069229e+01
1.842483e+00
1.351399e+01
-1.414422e+00
-9.519382e+00
-1.329287e+00
4.433882e+00
5.150232e+00
1.769426e-01
-4.984155e+00
-2.807900e+00
2.798267e+00
6.738523e+00
4.161337e+00
1.278561e+00
-5.704046e+00
2.087223e+00
-2.123803e+00
1.046477e+00
-3.932256e+00
-1.606014e+00
-2.992825e+00
-3.090188e+00
2.128663e+00
-7.850816e+00
-1.608467e+01
-5.561338e+00
-2.240842e+00
-5.550771e+00
-7.801110e+00
-3.788402e+00
-2.451466e+00
-6.478119e+00
-8.729879e+00
-8.562163e+00
-9.874615e+00
6.432464e-01
3.852133e+00
-2.026272e+00
-1.006134e+01
-9.734256e+00
6.964972e-01
1.282598e+00
-3.331578e+00
1.067434e+01
-2.999374e+00
-3.062347e+00
-1.117907e+00
-6.463946e+00
-1.152344e+01
-2.407651e+00
-1.345395e+01
-8.279475e+00
-7.609297e+00
-5.432568e+00
-6.663805e+00
1.258447e-01
-4.736523e+00
-3.625795e+00
-4.917817e+00
-2.217987e+01
-4.625131e+00
-2.115354e+00
-7.235912e-01
-4.266498e+00
4.265191e+00
-6.519239e+00
-8.544998e+00
-1.605881e+01
-5.780317e+00
-1.677501e+01
-8.806145e+00
3.972310e+00
-2.208561e+00
-2.705937e+00
-2.151055e+00
-1.276655e+00
6.456221e+00
-1.624363e+00
1.062688e+01
7.215648e+00
1.211732e+01
1.551030e+01
2.777279e+00
1.059096e+01
1.548353e+01
9.935498e+00
-6.752077e+00
3.367603e+00
7.764189e+00
1.580012e+01
6.978220e+00
1.438033e+01
-5.516026e+00
7.523679e+00
4.917621e+00
4.767434e+00
3.970602e+00
-7.198190e+00
1.267399e+01
9.237087e+00
3.011639e+00
3.609803e+00
-9.583668e-01
-7.669794e+00
-7.150245e+00
-1.173798e+01
-3.411306e+00
-5.898204e+00
-9.346451e+00
-8.899016e+00
-4.791069e+00
-1.270593e+01
-1.174033e+01
-5.682347e-01
-5.259560e+00
-3.016699e+00
-5.697939e+00
-6.432378e+00
-6.532229e+00
-2.479289e+00
-6.679101e+00
-7.402291e+00
-7.957131e+00
-1.286900e+01
-4.723907e+00
-1.977306e+01
-3.860168e-01
8.684022e-01
2.160075e+00
-1.546596e+01
-1.251866e+00
-1.380362e+01
2.132677e+00
-1.750005e+00
-3.991430e+00
-4.109254e-01
8.494901e+00
3.977135e-01
-5.538478e+00
NA
4.869087e+00
2.669039e-01
9.240371e+00
9.101718e+00
1.497636e+01
1.813531e+01
8.765421e-01
1.191388e+01
6.086779e+00
-5.066763e+00
8.178005e+00
-3.416808e+00
-1.105505e+01
9.614442e+00
-1.421051e+00
1.169474e+01
7.781742e+00
1.895698e+01
4.056043e+00
-2.163964e+00
-3.347195e+00
-1.078835e+01
-4.483953e+00
-7.558278e+00
-6.967895e+00
-2.169653e+00
-7.883782e+00
-6.086393e+00
-1.635255e+00
-1.474000e+00
-6.629174e+00
1.796196e+00
-8.996104e+00
-2.923708e+00
-1.102323e+01
-4.770679e+00
-5.418163e+00
-1.703820e+00
-7.082159e+00
-3.136554e+00
-1.119909e+01
-9.411903e+00
-9.907887e+00
-9.677862e-01
-1.224175e+01
3.727814e-01
-1.082847e+01
-6.073457e+00
-4.459666e+00
-3.241852e+00
8.300389e+00
1.015237e+01
-8.716565e+00
-1.351786e+00
1.896971e+00
2.098719e+00
9.185282e-01
2.773992e+00
7.925832e+00
1.732882e+00
5.146703e-01
6.294093e+00
-6.601501e+00
-2.427008e+00
-5.626561e+00
-1.376181e+00
3.953075e+00
4.508704e+00
1.038720e+01
2.117899e+00
1.276639e+00
NA
NA
-2.784983e-01
1.332866e+01
2.040941e+00
9.827464e+00
5.807036e+00
8.263913e+00
2.373620e+00
1.279166e+00
9.529229e+00
4.589152e+00
-3.355932e+00
3.860029e-02
2.923519e+00
7.881425e+00
2.504411e-01
-5.597248e+00
2.604887e+00
6.725458e-01
-8.420850e+00
-3.142825e+00
2.150286e+00
-1.114861e+01
2.311868e+00
5.393752e-01
2.809984e+00
5.338577e+00
-2.084539e+00
-1.079083e+01
-7.405769e+00
8.688443e-01
8.489402e+00
-1.065398e+01
-3.218394e+00
-1.247131e+01
1.976121e+00
1.018178e+01
5.547769e+00
-1.792977e+00
3.397327e+00
5.831583e+00
2.707230e+00
5.046825e+00
-2.304649e+00
2.046851e+00
NA
-4.879654e+00
1.351091e+01
6.490446e+00
3.740030e+00
7.062724e+00
9.463895e+00
9.783987e+00
NA
9.499463e-01
-4.113678e-02
7.164738e+00
-5.515083e-01
3.856968e+00
NA
4.531270e+00
7.431113e+00
4.941156e+00
3.765523e+00
5.185902e+00
9.944891e+00
-9.645400e+00
-3.032976e+00
NA
-5.552713e+00
-6.151552e+00
-2.443946e+00
-5.540899e-01
-8.592242e+00
-2.336873e+00
-5.709169e+00
-9.878872e+00
-9.612167e-03
-1.067413e+01
-6.012717e+00
1.947435e-01
-1.121851e+01
-4.394602e+00
-9.345884e+00
-2.844444e+00
-3.748123e+00
-1.032433e+01
-3.952136e+00
-2.249464e+00
-9.574714e+00
-1.728095e+00
-4.698614e+00
1.030128e+01
NA
NA
1.774675e+01
-2.134187e+00
NA
9.232205e-01
3.655101e+00
1.005179e+01
1.285825e+01
-3.693939e-01
9.621676e+00
-2.522015e+00
1.406840e+01
4.779235e+00
-2.945340e+00
9.486223e+00
1.142739e+00
3.282863e+00
1.498683e+01
7.170453e+00
1.069492e+01
3.685067e+00
6.425719e+00
3.848681e+00
5.743947e+00
-5.336173e+00
-4.576425e+00
-4.914369e+00
-2.253823e+00
6.234964e+00
-1.456776e+00
-1.485590e+00
5.955412e+00
-2.634079e+00
8.756990e+00
3.922235e+00
-9.861300e+00
6.175534e-01
1.395775e+01
-3.150994e+00
3.057492e+00
-2.225164e+00
-5.514754e+00
-4.394069e-01
5.721536e+00
3.458786e+00
NA
-7.428395e-01
-1.328897e+00
-5.149517e+00
-3.056408e+00
-1.690184e-01
1.434540e+00
1.277626e+01
4.676470e+00
1.160479e+01
NA
8.390314e+00
7.713470e+00
-4.916335e+00
1.113686e+01
3.973809e+00
-8.011062e+00
5.697122e+00
7.559760e+00
-1.528656e+00
7.769917e+00
5.291023e+00
1.194050e+00
-2.396331e+00
7.730170e+00
-4.231810e+00
6.736798e+00
3.603387e-01
NA
1.051220e+01
-3.137833e+00
1.392907e+00
2.104656e+00
9.221906e+00
-3.058065e+00
-7.624343e+00
-1.031682e+01
NA
-5.624402e-01
9.037129e-01
-4.937327e+00
-1.356945e+00
8.163556e+00
3.857512e-01
-2.376406e+00
-8.891383e-01
9.079514e-01
-3.023482e+00
2.218971e+00
7.265939e+00
-2.553643e+00
6.200643e+00
-1.180993e+00
-4.331059e+00
-4.599499e+00
1.142797e+00
-5.678846e+00
-8.292720e-01
3.382342e+00
7.299129e+00
7.683715e+00
-1.463362e+00
2.284565e+01
3.068669e+00
7.940466e-01
1.233994e+01
NA
3.285208e+00
7.713649e+00
8.989052e+00
1.251549e+01
5.553385e+00
2.709035e+00
1.011692e+00
5.932460e+00
1.348819e+01
NA
5.493332e+00
8.002543e+00
1.095583e+01
-8.790067e-01
2.659951e+00
2.326597e+00
-3.101051e+00
4.701787e+00
-5.878828e+00
3.156087e+00
-5.191662e+00
8.655678e+00
5.689449e+00
5.175398e+00
-1.436748e+01
6.008684e-01
-2.619884e+00
-5.616955e+00
-1.965329e+00
-5.992960e+00
1.953987e+00
-2.070105e+00
4.627255e+00
-4.979821e+00
1.965156e+00
-1.839063e+00
2.617608e+00
6.234582e+00
-7.103869e+00
4.915419e+00
-1.471165e+00
-3.447928e+00
1.242470e+01
-1.572727e+00
1.172950e+00
3.038533e+00
3.531469e+00
5.657566e+00
4.396352e+00
-2.246020e+00
7.529274e+00
-1.179770e+00
4.033844e+00
-2.332576e+00
-4.824683e+00
-5.138589e+00
5.197739e+00
-4.911425e+00
-3.077471e+00
-5.149682e+00
4.828332e+00
2.629170e+00
-3.193859e+00
-1.303229e+01
-1.108609e+01
-3.172052e+00
-9.129326e+00
-6.234807e+00
2.110917e+00
-1.119137e+01
3.438916e+00
-9.251707e+00
1.039165e+01
5.557919e+00
3.140827e+00
-1.742218e+00
9.194101e-01
1.971896e+01
1.347739e+01
6.925303e+00
8.648409e+00
3.328636e+00
8.228027e+00
1.683406e+01
2.948568e+00
1.154891e+01
2.300426e+01
1.901060e+01
4.822398e+00
1.502577e+01
1.192120e+00
1.470997e+01
1.732431e+00
4.321090e+00
1.958693e+01
1.174979e+01
6.611415e+00
9.600950e+00
1.446901e+01
1.271006e+00
-3.849825e+00
-5.557530e+00
-3.537436e+00
2.476069e+00
-4.969794e+00
3.793618e-01
-5.398233e+00
-1.580502e+00
6.675185e+00
-4.655579e+00
-2.704367e+00
-2.756588e+00
-3.109876e+00
-9.894284e-01
2.489773e+00
-5.368787e+00
-5.460783e+00
-4.710856e+00
-2.875401e-01
-3.073120e-02
-3.430236e-01
4.065929e+00
-6.590752e+00
-4.242247e-01
-1.195905e+01
1.535925e+00
-5.361829e+00
7.094363e+00
1.050077e+00
8.500377e+00
1.316230e+01
5.435169e+00
1.987474e+01
1.215724e+01
9.194738e+00
1.214878e+00
1.927943e+00
3.337866e+00
NA
8.417361e+00
9.032417e+00
3.063433e+00
9.712666e+00
-5.811276e-01
-2.373626e+00
2.021754e+01
5.622150e+00
7.588802e+00
1.616852e+01
2.454760e-01
1.184098e+01
3.873321e+00
-4.058199e+00
2.639820e+00
1.453746e+00
2.055837e+00
NA
2.229215e+00
-4.637911e+00
NA
-1.053166e+00
-3.777653e+00
-4.738116e-01
-1.962146e-01
-8.802204e+00
-5.524442e+00
1.237185e-01
5.384858e+00
-5.778817e-01
6.481368e+00
2.119058e+00
-1.761253e-01
1.286552e+00
-2.734373e+00
-4.598060e+00
-6.021246e+00
8.580882e-01
NA
NA
-7.144432e+00
5.018304e+00
-6.770050e+00
5.326655e+00
3.648955e+00
-3.818434e+00
9.088732e+00
8.345287e+00
9.591917e+00
6.821659e+00
3.522747e+00
5.886102e+00
-8.134956e-01
-2.855035e+00
6.969376e+00
1.271211e+00
-2.565049e+00
7.039564e+00
4.568151e+00
1.654407e+00
6.443098e+00
-3.342406e+00
-2.087309e-01
3.823341e+00
2.878104e+00
8.806965e+00
1.447371e+01
-2.797512e+00
8.004436e+00
