0
0.03700759308
0.03767076587
0.03827635656
0.03897033401
0.03951852878
0.03988491197
0.03998598216
0.04048121124
0.04118968946
0.04129094442
0.04191061005
0.04229996792
0.04267351617
0.04304435001
0.04351813577
0.04412645477
0.04425712869
0.04459757676
0.04465965634
0.04508990126
0.0457954606
0.04593364198
0.04669625912
0.04671440349
0.04740327114
0.04791720131
0.0480534428
0.04864224753
0.04884377326
0.04924432608
0.04956674687
0.05028966128
0.0506944619
0.05098678162
0.05126193259
0.05199956373
0.05260047518
0.0526972906
0.05341319371
0.05375658895
0.05387858708
0.05409637504
0.05455379956
0.05504923578
0.05529824881
0.05545891848
0.05580038767
0.05634678928
0.05682095109
0.05720252615
0.0575177409
0.05781015167
0.05796128135
0.05829910969
0.05876126746
0.05915105693
0.05976767099
0.06010695828
0.06027311506
0.06066633907
0.06098864878
0.06130110778
0.06173473795
0.06244531029
0.06290193468
0.06318427239
0.06324283897
0.06373785977
0.06422454697
0.06445830348
0.06489058939
0.06530042818
0.06554602587
0.066025508
0.06630366481
0.06657789925
0.06690169973
0.06741028159
0.06752952327
0.06831879108
0.06850372062
0.0687995656
0.06903622384
0.06922848336
0.06973526345
0.06987594471
0.07036294172
0.07083836476
0.0709921905
0.07155561243
0.07230830431
0.07243311448
0.07301740914
0.07344954045
0.07364414505
0.07464200205
0.07507642125
0.07520813488
0.07574708864
0.07623636493
0.07664267615
0.07723305018
0.07771450208
0.07811923067
0.07840391995
0.07849847637
0.07888567044
0.07929713593
0.08045524546
0.08056289034
0.08103095651
0.081375408
0.08180153361
0.08231779905
0.0826702074
0.0835766654
0.08365449505
0.08377561701
0.08461672679
0.08486704272
0.08503509133
0.08553754351
0.08585646443
0.08641035459
0.08703811503
0.08737499469
0.08764189133
0.08842535644
0.0886675588
0.08899782442
0.08965167418
0.09066432094
0.09087861164
0.09149694331
0.09221129991
0.09257936706
0.09313180609
0.09370231345
0.0941322851
0.09458911321
0.09502834069
0.09526685252
0.0955603598
0.09579040166
0.09713356383
0.09768880381
0.09792056487
0.09824808924
0.09948567356
0.1002788787
0.1010706238
0.1012289172
0.1017509366
0.1022515263
0.1027200029
0.1034171779
0.1039189624
0.104341792
0.1045994203
0.1047003673
0.1053740536
0.1061427286
0.1065263465
0.1079444441
0.1079830392
0.1089086012
0.1096165145
0.1106924243
0.1110154668
0.1118745619
0.1125099701
0.112726164
0.112912859
0.1142124831
0.1142773165
0.115024913
0.116269405
0.1167858396
0.1174852731
0.1182610837
0.1189740036
0.1194993302
0.1198466307
0.1203780441
0.1208906047
0.1215605831
0.121798214
0.1231647191
0.1237609938
0.1239641069
0.1249609582
0.125565506
0.1259545823
0.1262715674
0.127239835
0.1275016934
0.1286509505
0.1294485033
0.130387309
0.1307055364
0.1317998348
0.1324934034
0.1332234481
0.1341923698
0.134273633
0.1350276533
0.1353469541
0.1359531428
0.1376340912
0.1384906497
0.139037686
0.1391753298
0.1404589563
0.1409135622
0.1422544095
0.1428883728
0.1431626684
0.1437189815
0.1455614668
0.1465898366
0.1472567569
0.1482177831
0.1489047031
0.149212523
0.149994054
0.150718425
0.151065953
0.1528334317
0.153037049
0.1539883671
0.1550113193
0.156493435
0.1573087623
0.1579065656
0.1580882853
0.1588031318
0.1597749044
0.1607488711
0.1612710984
0.1623646431
0.1629281363
0.1634374064
0.164650364
0.1662487116
0.1669043216
0.1681125482
0.1685146423
0.1698200224
0.1705165715
0.1710720658
0.1720175106
0.1731904634
0.1739660404
0.1753037225
0.1763519834
0.176896448
0.1791386173
0.1792911009
0.1798183727
0.1809563973
0.1832089797
0.1833980332
0.1839127738
0.1853363159
0.1866151699
0.1871589777
0.1888955754
0.1895580485
0.1898907909
0.1919078438
0.1929095589
0.1949973534
0.195589805
0.1968757953
0.1980371354
0.1992433906
0.2007411457
0.2026389021
0.2030671723
0.2043846866
0.2049887215
0.2064079252
0.2074719183
0.208513219
0.2103820512
0.2111667701
0.2125174834
0.2139995901
0.2150760839
0.2172427018
0.2177090158
0.2186701661
0.2207595377
0.2216814229
0.222602349
0.2239808411
0.2259198372
0.2266780663
0.2282722087
0.2319030877
0.2336931499
0.2338851381
0.2344446861
0.2365909412
0.2394002252
0.2401188552
0.241611877
0.2434743679
0.2447985246
0.2465891728
0.2483559629
0.2488930798
0.2503701815
0.2521043541
0.2545938885
0.2550612917
0.2566379527
0.258992309
0.2608059993
0.2645132369
0.2650452716
0.2659454363
0.2670003399
0.269902157
0.2712350123
0.2725455296
0.2735038075
0.2764520709
0.2779036875
0.2795059668
0.2799863822
0.2841378066
0.2859745789
0.2888833783
0.2892103022
0.2906216232
0.2939207817
0.2944696583
0.2968294004
0.2997609462
0.3004143385
0.30230792
0.3043299348
0.3078392325
0.3094638823
0.311791585
0.313091813
0.3147032925
0.3162973105
0.3185603395
0.3192775953
0.3240503435
0.328487336
0.330036666
0.3313348766
0.3342803518
0.3362393032
0.3385993854
0.3424197647
0.3432799593
0.344748741
0.3481285075
0.3546431632
0.3554632502
0.3605741507
0.3644645945
0.364853132
0.3666161998
0.369906259
0.3765312309
0.3786667446
0.3819830282
0.384244616
0.3854434317
0.3888328008
0.3953181463
0.3972205945
0.3988878953
0.4045229924
0.408964786
0.4107783624
0.4138760975
0.4157486338
0.4267889007
0.4284215968
0.4336270192
0.4381875668
0.4433267872
0.4454418617
0.4510268376
0.4525494779
0.453554166
0.4582308625
0.4636744708
0.4716386065
0.4735627906
0.4754350305
0.4877388251
0.4923709926
0.494791874
0.5013717343
0.5101584301
0.5118080924
0.5195086856
0.523491097
0.5311937412
0.5429844735
0.544097332
0.5503017055
0.554348554
0.5613941253
0.5641788111
0.5828650547
0.5866378866
0.5919952052
0.6040657857
0.6070814324
0.6172106267
0.629295065
0.6509190611
0.6593308895
0.6637702878
0.667903243
0.6849502916
0.6988366697
0.70524877
0.7178958783
0.7258554173
0.7518683796
0.7603123569
0.7878674291
0.8023349751
0.8228982835
0.8746066927
0.8844244436
0.913835355
0.9518958164
1.233973746
