0
0.004662452497
0.01544191353
0.02176379925
0.02232620289
0.02259191925
0.02321478099
0.02339817243
0.02359300332
0.02369010165
0.02384922522
0.02392315863
0.02422157091
0.02443400857
0.02466044248
0.02475318938
0.02506207502
0.02509523371
0.02519227675
0.0254991713
0.02553477249
0.02572580894
0.02618609925
0.02621425129
0.02625579527
0.02634453038
0.02653550939
0.02674386332
0.02696199294
0.02718571116
0.02737537203
0.02750819264
0.02763756045
0.02784419862
0.02792936615
0.02809924679
0.0281899323
0.02840933319
0.0285225433
0.02864967239
0.02886174585
0.02889299423
0.02915501958
0.02921421117
0.02941449831
0.02955505225
0.02974694283
0.02985557774
0.02999974211
0.03010371676
0.03035788711
0.03040807092
0.03054605251
0.03063784201
0.03070645352
0.03087465021
0.03100399798
0.03110874381
0.03130543727
0.0313366764
0.0316710809
0.03171885611
0.03189660969
0.03209645215
0.03217524239
0.03231889301
0.03257602439
0.03270657999
0.03286706534
0.03304301057
0.03327405999
0.03334407045
0.03351891659
0.03367223783
0.03387790104
0.03410630923
0.03425361602
0.0343780032
0.03448629346
0.03467568671
0.0347821372
0.0350206103
0.03511700047
0.03525022918
0.03544140945
0.0355961228
0.03566762034
0.03591224887
0.03618620923
0.03623397684
0.0363256596
0.03663283823
0.03676251789
0.03682503345
0.03710887264
0.03714599752
0.037419294
0.03757579979
0.03766919336
0.03783314213
0.0379208976
0.03805329051
0.03818925158
0.03825196167
0.03844637798
0.03875530628
0.03893458391
0.03904049107
0.03915093973
0.03929492921
0.03936959291
0.03953372816
0.03966508716
0.03984123181
0.04003594007
0.04011836867
0.04040763376
0.04057971765
0.04068249333
0.04084946813
0.04090708653
0.04121740402
0.04144393608
0.04170373188
0.04177928318
0.04205112629
0.04228270147
0.04232068301
0.04257918919
0.04277074764
0.04279116882
0.04309021466
0.04320711895
0.04345378723
0.0435531555
0.04359155346
0.04386637346
0.04389084105
0.04409171237
0.04433118476
0.0446055601
0.0447652148
0.0449338692
0.04508396232
0.04515652939
0.04529402215
0.0454038363
0.04555052011
0.04578411692
0.04593738341
0.04600986553
0.04610176864
0.0462262443
0.04636552959
0.04657637252
0.04666123136
0.04691972414
0.04720644292
0.04742061906
0.04754512787
0.04766042231
0.04780074968
0.04800530013
0.04804616112
0.04843177804
0.04856093763
0.04886311903
0.04913416097
0.04928460442
0.04948447612
0.04970462657
0.05006067793
0.05015333332
0.05030262126
0.05050358212
0.05070226199
0.05096310071
0.05121029573
0.05126138032
0.05152722608
0.05154977041
0.05187887233
0.05197470257
0.05218846386
0.05235825997
0.05248586132
0.05266177421
0.0528749828
0.05313270709
0.05329861139
0.05337664843
0.05349474491
0.05371125039
0.05403263506
0.05406960764
0.0542884594
0.05447280368
0.05473392973
0.054950521
0.05506454254
0.05528793199
0.05557643528
0.05567602276
0.05595141886
0.05602467852
0.05628421872
0.05653263865
0.05672571234
0.05716941421
0.05729447342
0.05745556339
0.057668714
0.05794515897
0.05799645029
0.05821566697
0.05834871799
0.05855579493
0.05882638586
0.05884653363
0.05913875382
0.05925988836
0.05949330819
0.05974838914
0.05994734817
0.06026173714
0.06042188118
0.06071817106
0.06110858071
0.06116270186
0.06143997233
0.06154899726
0.06171347933
0.06192868541
0.06211258727
0.06234741574
0.06242407459
0.06285198104
0.0631762905
0.06334256587
0.06367740804
0.06391564557
0.06407278708
0.06433776296
0.06462755064
0.06477104652
0.06483526603
0.06514382131
0.06537818849
0.06556957994
0.06559582235
0.06595486194
0.06610837747
0.06646641332
0.06653155115
0.06688738042
0.0670231273
0.06716657804
0.06771213443
0.06778019538
0.0680089796
0.06814650973
0.06836508713
0.06864441519
0.06882414289
0.0691642876
0.06959933628
0.06993372658
0.07009391955
0.07020342272
0.0702868969
0.07066822385
0.07101575647
0.07116761803
0.07146339531
0.07181894564
0.07197703513
0.07227441789
0.07237504239
0.07256397206
0.07276929352
0.07308959822
0.07350523591
0.07364042764
0.07396348972
0.07418795998
0.0746183401
0.07471499095
0.07497238537
0.07526095537
0.07530008898
0.07572209647
0.07597766286
0.07614348407
0.07656114722
0.07701790279
0.0770989928
0.07741684293
0.07773612883
0.07788620324
0.07828808686
0.0786081592
0.07887824619
0.07901043031
0.07943034534
0.07955194083
0.07996410647
0.08012522257
0.08048898822
0.0808915197
0.08096479891
0.0814345651
0.08150994837
0.08203267669
0.08219234095
0.08254733286
0.08294562815
0.08352683288
0.08389603489
0.08396340723
0.08431873281
0.08470970738
0.0849018693
0.08504039657
0.08553293438
0.08569919375
0.0860547313
0.08619216864
0.08645691639
0.08682152726
0.08724005662
0.08757316056
0.08782886122
0.08820273037
0.08848347262
0.08888922122
0.08933862451
0.08983879032
0.08996824457
0.09048457447
0.09073502684
0.0908595197
0.0912088596
0.09158826141
0.09171922661
0.09251538548
0.09270691403
0.09309576255
0.09335093207
0.09348041405
0.09359944739
0.09397099071
0.09452517574
0.09493595179
0.09541993206
0.09566047864
0.09578560657
0.09643043907
0.09672614293
0.09698319829
0.09734453985
0.09742830547
0.09783229587
0.09832983374
0.09856509768
0.09871915225
0.0990137962
0.0994239375
0.09962484342
0.09998873295
0.1003658874
0.1008682581
0.1014166015
0.1015179763
0.1022302994
0.1024676666
0.1028706337
0.1034117313
0.1036922806
0.1038951104
0.1043373191
0.1045634065
0.1050490583
0.1051480235
0.1055102321
0.1057522807
0.1065488568
0.1069812188
0.1073817658
0.1075211951
0.1080632346
0.1084386994
0.1087859484
0.1094792173
0.1097674449
0.1098756736
0.110321998
0.1105798998
0.1112559711
0.1122141413
0.1128850957
0.1130173035
0.1136828331
0.1138009429
0.1144557567
0.1147075094
0.1149723812
0.1151976318
0.1157630239
0.1161835852
0.1165551198
0.1171829389
0.117359147
0.1177941716
0.1184798318
0.1188544797
0.1194582518
0.1195420562
0.1202718769
0.120467441
0.1206468576
0.1213494999
0.1217517493
0.1221295419
0.1226854041
0.1233766817
0.1234833343
0.1239969413
0.1244441864
0.1250293442
0.1256591677
0.1258566784
0.1265324295
0.1269125658
0.1274929856
0.128428844
0.1285878958
0.1289161948
0.1292925565
0.1298838235
0.1300960555
0.1305094731
0.1311490035
0.1317473028
0.1326550618
0.1333192205
0.1341359084
0.1345539383
0.1352137844
0.1354176419
0.1358084393
0.1365781648
0.1371041881
0.1376739083
0.1382097489
0.1383923345
0.1388334211
0.1393536925
0.1397772759
0.1405649401
0.1408703609
0.1418269792
0.1421334483
0.1430358202
0.1438812075
0.1441790577
0.1447152887
0.1450035089
0.1451883257
0.1457988471
0.1462635773
0.1469315624
0.1474761342
0.1482337804
0.1488329292
0.1494286119
0.1499672343
0.1507483011
0.1511215793
0.1515035035
0.1521710214
0.1525177075
0.1535603262
0.1540524108
0.1545313094
0.1549503098
0.1554318933
0.1559997445
0.1567127947
0.1580579946
0.158189949
0.158990426
0.1591481188
0.1595795429
0.1600007715
0.1620038604
0.1625651383
0.1629887318
0.163881746
0.1641796373
0.1653465255
0.1653934087
0.1660242789
0.1667416142
0.1681983172
0.1686211522
0.1689104207
0.1695712303
0.1701125861
0.1710466963
0.1716320502
0.1720427576
0.1727540146
0.1732896116
0.1737700615
0.1741376678
0.1760530605
0.1766458036
0.1770717125
0.1778916049
0.1785797067
0.1789884346
0.1795612737
0.1808743731
0.1815878908
0.1817981378
0.1822001515
0.1829174547
0.1836915007
0.1848331344
0.185510682
0.1861918425
0.1871633721
0.1884251779
0.1894265071
0.1901589439
0.1908196649
0.191616919
0.1927173701
0.1938116269
0.1942736708
0.1952926989
0.1960267345
0.1964184617
0.1978962655
0.1980862964
0.1991917279
0.1995752871
0.200300233
0.2016878229
0.2023478779
0.2030189828
0.2042518098
0.2050838727
0.2064188756
0.2069416289
0.207588099
0.2083893521
0.2088175479
0.2101357337
0.2112496987
0.2125060275
0.2129457689
0.2143223463
0.2156679543
0.2159797266
0.2168968772
0.2177013364
0.2188105602
0.2199153529
0.2205921632
0.2208830693
0.2219676769
0.223464663
0.224988269
0.2256130274
0.2264085122
0.2277833893
0.2287175857
0.2292993154
0.2307516463
0.2314771101
0.2326046512
0.2341248324
0.2359133708
0.2369847772
0.2376264885
0.2390244103
0.2399748297
0.2403838929
0.2415771773
0.2425115096
0.2434503362
0.2453491939
0.2458448512
0.2467337716
0.2480738328
0.2483545429
0.2497478311
0.2514511235
0.2522529959
0.2531375544
0.2545185879
0.2561580033
0.2573604858
0.258766074
0.2596534987
0.2603573418
0.2624160407
0.2631340163
0.2653663913
0.2656555808
0.2666959706
0.267866415
0.2699709752
0.2718986139
0.2729700085
0.2741534184
0.2761666721
0.2776964931
0.2785361325
0.278854456
0.2823196909
0.2838153764
0.2854108154
0.2860219601
0.2871712531
0.2893672731
0.2908256017
0.291474738
0.2918976
0.2936396399
0.2955618516
0.2972495833
0.2992847335
0.3010088058
0.3017435232
0.3032508626
0.3051030383
0.3063982077
0.3080187063
0.3089458972
0.3095170645
0.3113983089
0.3118853662
0.3130747765
0.3151634978
0.318244314
0.3193475637
0.3214550021
0.323980969
0.3250919307
0.3273208388
0.3284297537
0.3300087838
0.3319774267
0.3333588386
0.3356292723
0.3362115558
0.3389496894
0.3413413073
0.3419984884
0.3427803063
0.3439516359
0.3461781116
0.3484015278
0.3493194317
0.3506138946
0.3539572132
0.3551213812
0.3576382327
0.3585143425
0.3614460317
0.3630280449
0.3649703835
0.3654251706
0.36851236
0.3699877403
0.3728461584
0.3774829157
0.3791776969
0.3802905574
0.3824229283
0.3848005108
0.3864590646
0.3867566556
0.3885003764
0.3949288091
0.395647252
0.3971832079
0.3989503121
0.4003197898
0.4048683091
0.4069028153
0.4086694922
0.4090664704
0.4117815388
0.4161880584
0.41847924
0.4195228154
0.4220942308
0.4254716435
0.4269896756
0.4273386098
0.4309414903
0.4382203142
0.4395670975
0.4451403715
0.44744155
0.4496703934
0.4512841782
0.4520273202
0.4530988496
0.4573937153
0.461683056
0.4637022762
0.4647930846
0.4665538319
0.4691216937
0.4726700075
0.4753202006
0.4825428206
0.485750289
0.4898023175
0.4931921129
0.497898246
0.5018739879
0.5061172394
0.5084249293
0.5111420935
0.5147346466
0.5155681052
0.5206900127
0.5225583225
0.5268226874
0.532327009
0.5381423762
0.5422231696
0.5463978109
0.5498402033
0.5540275856
0.555753297
0.561879331
0.5656843065
0.56767124
0.5716596398
0.5784211867
0.581833336
0.5832954354
0.5892510053
0.5976044741
0.5994119295
0.6058583637
0.6085468296
0.6120577313
0.6182380206
0.62023722
0.6224982071
0.6346665431
0.6435424942
0.6439152756
0.6477328144
0.6527437095
0.6598815993
0.6712560073
0.6766926994
0.6775119986
0.6891237365
0.6912817197
0.7004281418
0.7077086215
0.7116465875
0.7181681491
0.7238971535
0.7323539943
0.7435853534
0.7521450253
0.7633694568
0.775875623
0.7848113828
0.7887006883
0.7979726409
0.8202976437
0.8223075002
0.8279125078
0.8497456554
0.8628486305
0.8719913216
0.8725548431
0.9048740465
0.9122774283
0.9143290022
0.9427586405
0.9631295597
0.9700880533
0.9806004246
0.9987591449
1.004987326
1.026024264
1.047123491
1.067231408
1.112650387
1.119204798
1.138451538
1.15677988
1.207355261
1.246902397
1.265822951
1.307205388
1.33001942
1.372900275
1.445602636
1.531522522
1.90754224
