0
0.1827075839
0.1846306845
0.2001519989
0.2055327527
0.2061739845
0.2105031871
0.2123090657
0.213596513
0.2198724183
0.2226648529
0.2250587134
0.2308307376
0.2336797398
0.2366954547
0.2399130098
0.2436706105
0.247080236
0.2484006881
0.2522782438
0.2574844729
0.2611586758
0.2662825997
0.2683092534
0.2717767757
0.2749305742
0.2801069357
0.2837008411
0.2926958882
0.2990438221
0.3066519225
0.3073738624
0.314890092
0.3219940611
0.3298627758
0.3469995919
0.3544758361
0.3638452854
0.3745060541
0.3846999123
0.3903862586
0.394698958
0.4096811167
0.4208638169
0.4282557466
0.4306031473
0.4390888965
0.4457405598
0.4540354982
0.4584964993
0.468068952
0.4732305572
0.485245496
0.5004045402
0.513079812
0.52529242
0.5329568624
0.5439099374
0.5538276274
0.5610050235
0.5676472587
0.5789038521
0.6016853057
0.6101744281
0.6259575978
0.6288967783
0.6478949567
0.6823571063
0.6937491381
0.7158848927
0.7440106847
0.7543567877
0.7752431259
0.7968683406
0.8291713391
0.8517217872
0.8670763097
0.8813714469
0.9265642293
0.9311757107
0.9644130108
1.037047007
1.048660832
1.124581546
1.129075134
1.183957756
1.256817314
1.292480536
1.331294165
1.460535147
