0
0.1627933759
0.1810150827
0.1891801638
0.2032070311
0.2032566987
0.2064742646
0.2077062794
0.2102495469
0.2127273493
0.2191257833
0.2223116864
0.2280361496
0.231075623
0.2334054116
0.2408331556
0.244668715
0.2457253832
0.2517366765
0.2539582375
0.2590771528
0.2621037649
0.2692486878
0.271633929
0.2775600302
0.2836151355
0.2873965121
0.2927255339
0.2977155599
0.3037844655
0.3077016884
0.3145922281
0.3186993273
0.3236976873
0.3301760504
0.3352019076
0.3441310974
0.3570346853
0.3619416431
0.3666115963
0.3812786773
0.3907850347
0.3969729788
0.4041895976
0.4067266984
0.4161889823
0.4245884557
0.4346641956
0.4457308166
0.4465983796
0.4583748385
0.4688388646
0.4757770107
0.4848202685
0.4883325534
0.4921022078
0.5024997836
0.5167743918
0.5228307758
0.5270302229
0.5426172259
0.5501021318
0.5614187165
0.5673119261
0.5826294089
0.5943501813
0.6118520333
0.6193762089
0.6240733361
0.6242183727
0.6314662202
0.6598487198
0.6655254137
0.6841646868
0.6973192008
0.7268963207
0.7340031966
0.7400418293
0.7702218996
0.7850648053
0.7911282358
0.8078953989
0.8319828725
0.854007566
0.9329659725
0.9455600169
0.9644703322
1.002997033
1.016790164
1.070083404
1.119042459
1.152199794
1.284261922
1.338028287
1.432058893
1.944023351
