121
122
141
151
118
135
131
124
130
107
150
145
133
188
153
167
149
163
174
179
114
136
142
167
137
149
165
147
234
139
152
148
131
180
178
161
156
117
135
177
133
160
144
144
123
153
144
136
115
166
161
144
117
149
138
133
141
NA
108
132
110
145
103
106
118
126
171
167
161
162
138
160
175
163
105
123
139
136
138
152
223
149
153
188
158
166
56
148
170
160
141
143
156
NA
NA
NA
NA
126
NA
NA
NA
NA
NA
NA
NA
NA
NA
NA
152
NA
NA
NA
NA
NA
NA
NA
NA
NA
NA
131
NA
NA
NA
NA
NA
NA
NA
NA
NA
NA
114
NA
NA
NA
NA
NA
NA
NA
NA
NA
NA
107
NA
NA
NA
NA
NA
NA
NA
NA
NA
NA
130
NA
NA
NA
NA
NA
NA
NA
NA
NA
NA
78
NA
NA
NA
NA
NA
NA
NA
NA
NA
NA
122
NA
NA
NA
NA
NA
NA
NA
NA
NA
NA
NA
NA
NA
NA
NA
NA
NA
NA
NA
NA
NA
NA
NA
NA
NA
NA
NA
NA
NA
NA
NA
NA
NA
NA
NA
NA
NA
NA
NA
NA
NA
NA
NA
NA
NA
NA
NA
NA
NA
NA
NA
NA
NA
NA
NA
NA
NA
NA
NA
NA
NA
NA
NA
NA
NA
NA
NA
NA
NA
NA
NA
NA
NA
NA
NA
NA
NA
NA
NA
NA
NA
NA
NA
101
143
153
141
NA
161
161
113
105
110
108
125
130
133
147
NA
144
117
107
95
147
152
131
120
124
161
NA
145
125
102
119
106
129
84
135
112
116
NA
122
136
108
100
169
101
96
132
112
134
NA
NA
130
121
143
130
117
119
137
149
120
NA
110
174
145
140
121
133
146
114
128
116
NA
126
154
116
128
123
147
151
144
153
153
NA
133
134
106
142
NA
131
129
112
NA
102
NA
117
105
109
110
113
98
117
128
106
125
NA
122
103
101
106
107
132
NA
NA
NA
NA
NA
NA
NA
NA
163
162
156
152
138
132
129
174
156
150
147
156
137
153
165
162
112
147
146
128
142
136
142
177
145
158
155
175
123
157
155
82
158
158
128
123
127
139
117
148
123
119
137
142
NA
NA
125
164
148
156
162
141
151
132
160
136
180
140
156
171
163
164
179
177
176
163
148
182
185
161
152
149
189
180
201
157
155
140
NA
201
167
162
156
169
151
158
154
65
163
136
NA
165
130
169
123
126
116
124
NA
132
141
108
125
NA
NA
132
141
138
157
122
110
111
145
NA
114
124
168
149
148
140
93
149
156
138
150
147
175
195
186
173
141
148
161
146
154
158
118
NA
NA
NA
NA
118
NA
NA
NA
NA
NA
NA
NA
NA
NA
NA
115
NA
NA
NA
NA
NA
NA
NA
NA
147
NA
NA
NA
NA
NA
NA
NA
NA
NA
NA
172
NA
NA
NA
NA
NA
NA
NA
NA
NA
NA
148
NA
NA
NA
NA
NA
NA
NA
NA
161
NA
NA
NA
NA
NA
NA
NA
NA
151
NA
NA
NA
NA
NA
NA
NA
NA
NA
NA
NA
NA
NA
NA
NA
NA
NA
NA
NA
NA
NA
NA
NA
NA
NA
NA
NA
NA
NA
NA
NA
NA
NA
NA
NA
NA
NA
NA
NA
NA
NA
NA
NA
NA
NA
NA
NA
NA
NA
NA
NA
NA
NA
NA
NA
NA
NA
NA
NA
NA
NA
NA
NA
NA
NA
NA
NA
NA
NA
NA
NA
NA
NA
NA
NA
NA
NA
NA
NA
NA
NA
NA
NA
NA
NA
NA
NA
NA
NA
NA
NA
NA
NA
136
152
167
164
NA
203
115
141
132
167
155
165
156
NA
137
NA
133
122
157
135
130
131
NA
169
118
183
NA
121
126
134
108
150
112
122
128
123
122
NA
113
131
142
122
115
137
115
137
138
113
NA
122
119
130
118
119
192
154
123
133
125
NA
110
162
165
202
170
175
143
130
150
176
NA
136
141
133
140
151
128
130
139
151
149
NA
175
138
94
104
142
112
120
121
146
NA
132
133
NA
121
143
147
140
135
NA
148
154
150
122
113
125
NA
NA
NA
NA
NA
NA
NA
NA
NA
164
139
179
143
146
155
138
132
143
150
132
167
146
158
154
154
147
NA
NA
130
127
130
146
160
150
170
200
161
162
175
153
159
144
NA
171
160
161
145
172
171
NA
138
158
141
126
148
154
159
