1915
2288
2650
4338
2515
2727
2047
3435
2740
3090
3452
2761
2654
2812
2838
2542
2369
3581
3770
2405
3930
3001
2837
2189
2504
3722
3301
1921
3281
2033
2239
4428
1862
2304
3031
2296
2236
2924
2717
3740
3894
3700
2795
1969
2364
3192
2628
2147
3352
3612
2430
1944
3039
2919
4454
3870
3780
NA
2219
3286
2324
2450
2640
1809
2954
2133
1709
2396
3514
3084
3440
2565
2633
3014
2556
2450
2211
2874
3568
2363
1699
2356
2495
2153
4017
2394
4140
2842
2318
2828
2589
2422
2476
NA
NA
NA
NA
2672
NA
NA
NA
NA
NA
NA
NA
NA
NA
NA
2789
NA
NA
NA
NA
NA
NA
NA
NA
NA
NA
2615
NA
NA
NA
NA
NA
NA
NA
NA
NA
NA
3645
NA
NA
NA
NA
NA
NA
NA
NA
NA
NA
2456
NA
NA
NA
NA
NA
NA
NA
NA
NA
NA
2957
NA
NA
NA
NA
NA
NA
NA
NA
NA
NA
2047
NA
NA
NA
NA
NA
NA
NA
NA
NA
NA
2188
NA
NA
NA
NA
NA
NA
NA
NA
NA
NA
NA
NA
NA
NA
NA
NA
NA
NA
NA
NA
NA
NA
NA
NA
NA
NA
NA
NA
NA
NA
NA
NA
NA
NA
NA
NA
NA
NA
NA
NA
NA
NA
NA
NA
NA
NA
NA
NA
NA
NA
NA
NA
NA
NA
NA
NA
NA
NA
NA
NA
NA
NA
NA
NA
NA
NA
NA
NA
NA
NA
NA
NA
NA
NA
NA
NA
NA
NA
NA
NA
NA
NA
NA
2674
3450
3266
3799
NA
2562
2600
3210
2406
2331
2186
2882
2523
2657
2955
NA
2981
2656
3551
3429
2685
3128
3416
2455
2731
2331
NA
2044
2539
2599
3196
3621
3486
2901
2221
3085
4203
NA
2069
2564
2495
2501
2487
3472
3540
2562
3158
2512
NA
NA
2832
4116
2526
3096
3655
2442
2905
2959
2436
NA
3452
3115
2526
2486
2015
2077
2433
4039
2390
2724
NA
2216
2570
2414
2551
3670
3430
3536
3262
1739
3018
NA
2505
3400
3446
3091
NA
1806
1588
2365
NA
2178
NA
2388
2344
1888
2192
3349
1940
2433
2460
1861
2072
NA
1770
2151
2465
2490
2146
2798
NA
NA
NA
NA
NA
NA
NA
NA
2708
3171
2617
2751
2265
3479
2304
2437
2351
4132
2806
3232
2301
2484
2252
2350
3661
2898
2316
3060
3336
2594
2440
1727
2332
2568
3008
2430
2667
3658
3430
1642
2695
1886
2407
2398
2863
2839
2343
2479
2133
2365
3009
2025
NA
NA
1985
3364
2944
3431
3254
3320
4381
2416
3632
3198
1762
2448
2106
2743
3203
2240
2613
3034
2346
4009
1971
3220
2500
2648
2496
3274
3724
2203
4039
2951
3517
3596
NA
2747
2140
2799
3055
3091
4031
3543
4265
8270
2870
3726
NA
3270
1793
2417
4442
4134
2506
3596
NA
4077
4098
3911
4811
NA
NA
3652
3225
3984
3552
3777
3329
1855
2939
NA
2295
2653
2197
2311
2548
2784
3490
3306
2584
3080
3199
3013
2203
4125
2248
3091
2578
3409
2609
2864
2798
2276
2565
NA
NA
NA
NA
3247
NA
NA
NA
NA
NA
NA
NA
NA
NA
NA
2758
NA
NA
NA
NA
NA
NA
NA
NA
3241
NA
NA
NA
NA
NA
NA
NA
NA
NA
NA
3695
NA
NA
NA
NA
NA
NA
NA
NA
NA
NA
3233
NA
NA
NA
NA
NA
NA
NA
NA
3053
NA
NA
NA
NA
NA
NA
NA
NA
2527
NA
NA
NA
NA
NA
NA
NA
NA
NA
NA
NA
NA
NA
NA
NA
NA
NA
NA
NA
NA
NA
NA
NA
NA
NA
NA
NA
NA
NA
NA
NA
NA
NA
NA
NA
NA
NA
NA
NA
NA
NA
NA
NA
NA
NA
NA
NA
NA
NA
NA
NA
NA
NA
NA
NA
NA
NA
NA
NA
NA
NA
NA
NA
NA
NA
NA
NA
NA
NA
NA
NA
NA
NA
NA
NA
NA
NA
NA
NA
NA
NA
NA
NA
NA
NA
NA
NA
NA
NA
NA
NA
NA
NA
3013
3198
2396
2480
NA
2131
2675
3079
3481
3270
3056
2360
2661
NA
2434
NA
3157
2168
2331
3021
2378
3406
NA
3835
2597
3970
NA
3122
3018
2674
5084
4221
4956
3729
3654
3571
3761
NA
4010
5190
4495
4489
3260
2724
3323
2501
3079
2994
NA
2128
4622
3742
4287
3019
2085
1946
2748
2740
1941
NA
2567
2961
2925
2801
2634
1869
2090
4667
3006
3962
NA
2456
4462
2180
3127
2702
2912
2307
4079
4818
4411
NA
2518
3628
2897
2485
3102
3939
4511
3439
3272
NA
2914
1664
NA
2955
4080
2680
3752
4180
NA
2416
3340
4474
3458
2991
2630
NA
NA
NA
NA
NA
NA
NA
NA
NA
3150
3387
3049
2797
2415
4016
3170
2835
3069
3111
3124
3196
3628
4316
2953
2095
1584
NA
NA
2642
2727
3762
2758
3015
2613
3624
3224
3166
2004
3425
3573
2983
2656
NA
3187
3657
2889
3077
3440
2431
NA
3637
2834
2491
3160
2208
3219
3403
