78993
105587
138224
161326
94266
118859
91831
89889
99429
168188
167195
81785
83273
90473
44437
50261
50349
90097
127184
81265
111877
67612
90379
60143
102866
97341
97441
50998
87044
77549
87100
98494
68814
97197
37628
58243
66440
83287
68938
82566
104257
90708
119284
85156
112258
83838
84926
67477
90321
182350
180239
74136
117836
105516
159383
123274
84272
NA
145954
88874
89112
146253
108580
113106
95508
113662
57765
108988
73426
103394
91683
93649
57978
63586
43831
78561
57182
71502
62698
83481
74312
39459
58343
51404
95328
120640
180952
98135
59972
97271
142214
53209
99318
NA
NA
NA
NA
116636
NA
NA
NA
NA
NA
NA
NA
NA
NA
NA
121191
NA
NA
NA
NA
NA
NA
NA
NA
NA
NA
169057
NA
NA
NA
NA
NA
NA
NA
NA
NA
NA
99082
NA
NA
NA
NA
NA
NA
NA
NA
NA
NA
107638
NA
NA
NA
NA
NA
NA
NA
NA
NA
NA
121383
NA
NA
NA
NA
NA
NA
NA
NA
NA
NA
85025
NA
NA
NA
NA
NA
NA
NA
NA
NA
NA
62930
NA
NA
NA
NA
NA
NA
NA
NA
NA
NA
NA
NA
NA
NA
NA
NA
NA
NA
NA
NA
NA
NA
NA
NA
NA
NA
NA
NA
NA
NA
NA
NA
NA
NA
NA
NA
NA
NA
NA
NA
NA
NA
NA
NA
NA
NA
NA
NA
NA
NA
NA
NA
NA
NA
NA
NA
NA
NA
NA
NA
NA
NA
NA
NA
NA
NA
NA
NA
NA
NA
NA
NA
NA
NA
NA
NA
NA
NA
NA
NA
NA
NA
NA
74634
62715
105193
72000
NA
59416
86517
61721
63866
56325
70678
108914
85028
57025
127900
NA
80747
65575
64528
118461
76836
53868
60274
54210
49951
67517
NA
86956
76920
68797
120165
94340
61299
114806
87568
114100
58539
NA
70943
103453
63437
74515
114262
86466
116822
78813
117040
74506
NA
NA
106307
92873
90349
113622
78196
50322
115656
71658
100112
NA
84139
116784
50260
157035
71146
65493
121570
108622
89758
113673
NA
82659
111271
74231
79532
79332
84940
45664
79743
39803
75767
NA
71076
123288
62855
84733
NA
69304
109829
37771
NA
59460
NA
74908
90670
89721
113034
92263
63385
82082
92562
75999
63230
NA
89463
87353
134390
64893
64023
66745
NA
NA
NA
NA
NA
NA
NA
NA
69755
117700
111647
90110
55309
102796
62283
62383
54862
98811
64542
60606
61770
64281
59418
74588
77390
109142
75423
49206
101660
81294
77526
77462
169353
106719
99005
87646
303893
96274
110708
232079
119190
91390
124982
82808
115417
117827
116255
114951
202848
87871
154829
97992
NA
NA
132813
172973
131633
112434
168641
126815
226389
63815
161774
125518
68018
113879
98747
104292
86584
97098
81718
108633
88326
92616
108281
97503
127957
107377
96233
84013
131494
87815
172528
118952
122419
96355
NA
122011
114849
88611
90763
100159
105018
103934
91962
290385
102649
86212
NA
106828
81750
97943
138629
91414
90606
75547
NA
102729
79988
106342
82286
NA
NA
92323
103872
110280
120401
203602
138174
89277
100567
NA
112718
94211
67257
94212
53017
86893
127130
92905
82384
100159
58970
87034
74315
129451
77686
96652
107978
89074
105307
82610
87489
85510
90968
NA
NA
NA
NA
96385
NA
NA
NA
NA
NA
NA
NA
NA
NA
NA
154758
NA
NA
NA
NA
NA
NA
NA
NA
121960
NA
NA
NA
NA
NA
NA
NA
NA
NA
NA
117287
NA
NA
NA
NA
NA
NA
NA
NA
NA
NA
180772
NA
NA
NA
NA
NA
NA
NA
NA
104001
NA
NA
NA
NA
NA
NA
NA
NA
87018
NA
NA
NA
NA
NA
NA
NA
NA
NA
NA
NA
NA
NA
NA
NA
NA
NA
NA
NA
NA
NA
NA
NA
NA
NA
NA
NA
NA
NA
NA
NA
NA
NA
NA
NA
NA
NA
NA
NA
NA
NA
NA
NA
NA
NA
NA
NA
NA
NA
NA
NA
NA
NA
NA
NA
NA
NA
NA
NA
NA
NA
NA
NA
NA
NA
NA
NA
NA
NA
NA
NA
NA
NA
NA
NA
NA
NA
NA
NA
NA
NA
NA
NA
NA
NA
NA
NA
NA
NA
NA
NA
NA
NA
124035
73769
90675
101715
NA
63022
109540
111377
106435
134875
78980
72118
118091
NA
70307
NA
104726
114671
76813
42364
94644
140557
NA
126705
111150
91480
NA
101746
93666
73301
85069
71771
107764
132331
74618
109610
75233
NA
63254
87839
92358
76787
100007
87900
82476
92035
66829
46797
NA
54841
106149
127602
73318
83241
81861
95186
65045
90773
68145
NA
88299
153839
77456
80039
84912
78305
100132
91230
85937
103587
NA
103270
99759
82269
98123
108146
106366
76408
123949
122278
92619
NA
75044
104343
48481
63158
76470
129025
106461
86288
56040
NA
67141
90075
NA
76413
80962
113200
102526
114638
NA
95891
53633
94526
103368
107471
95967
NA
NA
NA
NA
NA
NA
NA
NA
NA
61436
44936
82583
96643
93944
120772
125020
121530
78409
90491
76593
70069
105286
96277
51675
92038
83719
NA
NA
126826
94861
104402
89559
120437
158758
169677
120002
124609
130955
124367
97320
201224
136704
NA
79281
118865
90053
141133
133262
58951
NA
112854
81540
109192
96367
97052
103784
130336
