544
476
500
456
422
547
531
452
467
555
422
601
577
605
509
549
565
529
573
593
554
675
585
539
602
508
584
544
532
548
549
551
642
534
554
556
545
509
611
508
568
577
472
486
450
595
590
527
613
498
463
510
635
467
593
590
561
NA
509
619
580
501
482
442
577
466
584
515
598
646
566
572
509
596
515
612
565
501
439
603
633
571
504
592
529
514
192
501
526
430
532
549
534
NA
NA
NA
NA
417
NA
NA
NA
NA
NA
NA
NA
NA
NA
NA
442
NA
NA
NA
NA
NA
NA
NA
NA
NA
NA
451
NA
NA
NA
NA
NA
NA
NA
NA
NA
NA
493
NA
NA
NA
NA
NA
NA
NA
NA
NA
NA
493
NA
NA
NA
NA
NA
NA
NA
NA
NA
NA
430
NA
NA
NA
NA
NA
NA
NA
NA
NA
NA
469
NA
NA
NA
NA
NA
NA
NA
NA
NA
NA
521
NA
NA
NA
NA
NA
NA
NA
NA
NA
NA
NA
NA
NA
NA
NA
NA
NA
NA
NA
NA
NA
NA
NA
NA
NA
NA
NA
NA
NA
NA
NA
NA
NA
NA
NA
NA
NA
NA
NA
NA
NA
NA
NA
NA
NA
NA
NA
NA
NA
NA
NA
NA
NA
NA
NA
NA
NA
NA
NA
NA
NA
NA
NA
NA
NA
NA
NA
NA
NA
NA
NA
NA
NA
NA
NA
NA
NA
NA
NA
NA
NA
NA
NA
633
584
527
623
NA
644
602
640
680
666
589
585
612
672
587
NA
586
604
559
576
579
613
687
550
668
634
NA
489
589
614
538
595
573
377
527
601
573
NA
606
549
651
559
473
539
448
561
596
560
NA
NA
607
590
515
275
556
593
590
508
563
NA
647
610
545
635
587
658
575
454
556
607
NA
573
563
609
569
561
464
621
631
663
618
NA
780
491
502
524
NA
642
568
637
NA
579
NA
570
454
432
517
514
530
650
575
568
589
NA
528
548
569
563
604
610
NA
NA
NA
NA
NA
NA
NA
NA
502
501
505
496
450
512
474
534
553
523
505
584
540
521
561
738
501
439
421
557
539
577
445
480
417
452
503
609
413
635
547
410
546
515
524
432
532
436
550
640
547
577
522
489
NA
NA
434
607
528
537
604
509
404
622
504
534
688
560
549
679
722
628
604
495
574
533
659
648
641
576
700
633
554
650
540
763
547
693
NA
750
677
647
640
675
671
605
654
153
591
606
NA
646
583
642
591
702
763
516
NA
700
659
607
634
NA
NA
560
624
642
590
462
549
585
586
NA
644
658
490
553
656
612
377
701
564
578
748
657
608
568
788
603
703
730
595
667
795
570
620
NA
NA
NA
NA
548
NA
NA
NA
NA
NA
NA
NA
NA
NA
NA
419
NA
NA
NA
NA
NA
NA
NA
NA
530
NA
NA
NA
NA
NA
NA
NA
NA
NA
NA
639
NA
NA
NA
NA
NA
NA
NA
NA
NA
NA
557
NA
NA
NA
NA
NA
NA
NA
NA
568
NA
NA
NA
NA
NA
NA
NA
NA
566
NA
NA
NA
NA
NA
NA
NA
NA
NA
NA
NA
NA
NA
NA
NA
NA
NA
NA
NA
NA
NA
NA
NA
NA
NA
NA
NA
NA
NA
NA
NA
NA
NA
NA
NA
NA
NA
NA
NA
NA
NA
NA
NA
NA
NA
NA
NA
NA
NA
NA
NA
NA
NA
NA
NA
NA
NA
NA
NA
NA
NA
NA
NA
NA
NA
NA
NA
NA
NA
NA
NA
NA
NA
NA
NA
NA
NA
NA
NA
NA
NA
NA
NA
NA
NA
NA
NA
NA
NA
NA
NA
NA
NA
589
703
726
661
NA
613
666
694
577
798
705
725
684
NA
611
NA
653
696
704
672
662
681
NA
655
669
644
NA
664
687
525
618
760
592
570
666
627
657
NA
753
723
781
643
655
619
596
440
647
592
NA
695
683
416
660
597
505
747
757
740
719
NA
721
536
621
610
624
771
632
666
722
709
NA
705
647
758
602
689
445
618
728
710
558
NA
684
605
546
526
588
433
567
585
563
NA
700
535
NA
656
686
582
584
492
NA
573
584
603
545
618
589
NA
NA
NA
NA
NA
NA
NA
NA
NA
577
584
641
571
705
550
612
651
680
494
673
572
654
558
734
539
719
NA
NA
468
654
589
603
601
485
558
493
510
528
637
574
560
633
NA
567
657
586
556
496
585
NA
580
600
508
548
547
620
549
