126053
133718
113287
131478
148516
95977
122174
131921
105906
214584
187960
121567
112078
140297
139298
123430
123250
159762
129742
126622
113274
132692
152997
137203
124963
135692
130523
130060
111105
160636
161765
97584
146895
148561
138557
131026
152299
126838
121818
95072
124643
99347
122118
180925
159060
119444
122912
128964
149639
183350
198962
107502
134977
139550
97341
126851
134598
NA
140588
110191
126941
314172
226247
351137
180118
165518
120617
185632
123163
135322
160626
119976
143425
138641
123901
123029
147910
111699
136481
125180
135006
164808
159843
129910
154438
153356
246338
142703
139217
149932
164573
167980
138474
NA
NA
NA
NA
116167
NA
NA
NA
NA
NA
NA
NA
NA
NA
NA
132695
NA
NA
NA
NA
NA
NA
NA
NA
NA
NA
248570
NA
NA
NA
NA
NA
NA
NA
NA
NA
NA
156314
NA
NA
NA
NA
NA
NA
NA
NA
NA
NA
144822
NA
NA
NA
NA
NA
NA
NA
NA
NA
NA
176984
NA
NA
NA
NA
NA
NA
NA
NA
NA
NA
174087
NA
NA
NA
NA
NA
NA
NA
NA
NA
NA
141663
NA
NA
NA
NA
NA
NA
NA
NA
NA
NA
NA
NA
NA
NA
NA
NA
NA
NA
NA
NA
NA
NA
NA
NA
NA
NA
NA
NA
NA
NA
NA
NA
NA
NA
NA
NA
NA
NA
NA
NA
NA
NA
NA
NA
NA
NA
NA
NA
NA
NA
NA
NA
NA
NA
NA
NA
NA
NA
NA
NA
NA
NA
NA
NA
NA
NA
NA
NA
NA
NA
NA
NA
NA
NA
NA
NA
NA
NA
NA
NA
NA
NA
NA
107644
110271
97143
115923
NA
121874
110364
134531
122856
123036
105586
91111
112280
103998
100055
NA
102416
117336
109914
112314
93979
108958
110129
108360
89065
90413
NA
149165
106092
125304
94014
130226
101717
166283
106511
109412
97342
NA
111517
88303
125697
150360
148794
116065
89883
97423
141599
114744
NA
NA
97198
93639
117448
199069
99304
102865
116538
107523
99421
NA
87213
106908
124029
83261
113502
105029
100552
133562
129058
95829
NA
92807
106478
101035
106070
105602
110208
117917
106699
118684
86489
NA
89060
113363
100984
97104
NA
100494
89437
77769
NA
88601
NA
115818
152894
138588
133032
123646
127492
109539
157753
106703
130121
NA
119292
112913
131844
130047
155760
116301
NA
NA
NA
NA
NA
NA
NA
NA
125335
132278
146716
136881
132000
130891
95627
129963
120859
96314
128018
131588
150035
87050
113811
125882
129528
150807
97753
107546
149443
98324
143740
130723
240461
135941
153999
153717
279009
113131
162629
338221
174495
144554
137677
112433
208161
159843
102802
130461
205738
96000
135426
187875
NA
NA
221021
191965
125317
182981
134579
103632
186271
118838
163948
115766
159795
134236
141841
103003
100163
133044
115173
118899
151444
126847
95481
107945
106061
155465
123211
93931
68951
76661
94785
113065
139826
110307
NA
92492
90253
112969
104624
126252
99950
104652
103075
281546
109353
99211
NA
133149
107593
97526
89196
120659
105160
168808
NA
135228
113504
127511
98886
NA
NA
88848
90138
110658
122604
193404
128050
113347
122513
NA
87157
93208
123452
113796
114752
107010
112059
109767
120065
117885
103202
137407
107289
122273
109538
121599
107971
118596
116058
114020
134466
99808
126008
NA
NA
NA
NA
181898
NA
NA
NA
NA
NA
NA
NA
NA
NA
NA
244002
NA
NA
NA
NA
NA
NA
NA
NA
138631
NA
NA
NA
NA
NA
NA
NA
NA
NA
NA
132660
NA
NA
NA
NA
NA
NA
NA
NA
NA
NA
119469
NA
NA
NA
NA
NA
NA
NA
NA
155640
NA
NA
NA
NA
NA
NA
NA
NA
183664
NA
NA
NA
NA
NA
NA
NA
NA
NA
NA
NA
NA
NA
NA
NA
NA
NA
NA
NA
NA
NA
NA
NA
NA
NA
NA
NA
NA
NA
NA
NA
NA
NA
NA
NA
NA
NA
NA
NA
NA
NA
NA
NA
NA
NA
NA
NA
NA
NA
NA
NA
NA
NA
NA
NA
NA
NA
NA
NA
NA
NA
NA
NA
NA
NA
NA
NA
NA
NA
NA
NA
NA
NA
NA
NA
NA
NA
NA
NA
NA
NA
NA
NA
NA
NA
NA
NA
NA
NA
NA
NA
NA
NA
113705
127483
99740
104722
NA
73879
106717
82802
81197
91655
88725
102648
98080
NA
105717
NA
116845
127224
99762
86206
87657
105167
NA
96395
95632
81893
NA
84644
81933
115593
69606
55209
113062
114512
109204
105118
97805
NA
79546
69920
74759
85412
83643
101176
103834
113157
90738
113334
NA
113355
81986
106465
94897
85145
130294
132404
87881
107214
123123
NA
104478
130253
121752
107505
108060
93554
103970
60573
94483
69173
NA
112043
75092
105879
60910
64269
65420
88926
80556
75605
77808
NA
75516
114184
77737
101509
81036
125246
109460
78647
101480
NA
95577
99440
NA
81869
94755
94014
73481
112578
NA
83266
71928
81896
97793
101474
87079
NA
NA
NA
NA
NA
NA
NA
NA
NA
72510
74937
101087
105332
80781
102805
84009
74895
72236
105605
90571
135903
78159
76836
77008
98113
80853
NA
NA
124828
102502
110995
78274
85152
202652
114844
184741
216829
222790
116492
108136
111174
114921
NA
129118
116716
145651
91223
144900
124351
NA
85183
144049
148765
118820
114091
104292
86576
